.Random.seed <-
c(403L, 396L, 471893877L, -1606460605L, -538459243L, 95080058L, 
-585158995L, -33621686L, -313399271L, 1765165469L, 1413953295L, 
-1490441537L, 994748691L, 2084252765L, 302727408L, -2089151907L, 
700068792L, -252406003L, 690228891L, -2120009433L, -1252457437L, 
1320983482L, 565439970L, 1027837411L, -1698550361L, -2001406994L, 
2110879135L, 1597927858L, 423652923L, 1354205875L, 449773985L, 
1868027093L, 385870661L, 1922815848L, -437326785L, -1828307378L, 
543877724L, 737269308L, 1282594040L, 679929561L, 407383172L, 
-240526948L, 1385205120L, 2027699368L, -879048160L, -1216623598L, 
1908794307L, 996404933L, 543247909L, -296913603L, 989673580L, 
-2092883803L, 408984431L, -354729386L, -1195409808L, 824850600L, 
1235763897L, 1133328463L, 1035385165L, 65702463L, -2023841285L, 
399567123L, -184383657L, -1837298333L, -937011438L, 1784226883L, 
331577567L, 730048347L, -430370948L, 1624113929L, 1947064544L, 
-980712796L, 507438301L, 1732304907L, 1868388096L, 1883551372L, 
-429326093L, -1863562709L, -1950475512L, 1272828361L, 1318644805L, 
1871636958L, -1561169786L, 1744806992L, -1550443595L, 573942226L, 
457785363L, 850180575L, 1065450252L, -1400807669L, 1884998171L, 
1170365843L, 591044938L, -1803278783L, 1003354928L, 1053470344L, 
-1455344311L, -1418785397L, -976096987L, -1261844996L, -2923604L, 
484584151L, -1426621185L, 541106933L, 887768378L, -746352112L, 
-2087208596L, 343686784L, -918638472L, -589391208L, -262919156L, 
1051171594L, 204010115L, -2061688137L, -1474939835L, 964408155L, 
2123922987L, -862470661L, 2003391902L, 563524474L, -1436594505L, 
-127901899L, 546384326L, -277656441L, -895562750L, -1965487368L, 
801914718L, 326124592L, 2102781245L, 1504226996L, -623848271L, 
-1465464395L, 441589614L, 1022084126L, -983997895L, -331162761L, 
837058795L, -1437656033L, -1403297927L, 1372676523L, 643201080L, 
-1415489798L, -2031508282L, -167211404L, 1296857237L, 1124879744L, 
-243345121L, -433411767L, 1292837498L, -727609961L, -975330427L, 
378103805L, -709770456L, 2024481865L, -1783244441L, -1061724520L, 
1233845139L, -1749689395L, 561517806L, -2091119155L, -1767162332L, 
-1468835982L, 1887899645L, -1164566660L, 1890548096L, -382194883L, 
-1647779527L, -1242572987L, 1569544446L, -658520316L, 1229481893L, 
1496857911L, -265917398L, -37225472L, -240061824L, 543062830L, 
96414657L, 1333000046L, 463735679L, 2092082813L, -1666623833L, 
-577992849L, -1702844012L, 868477467L, 804229791L, 1182535085L, 
582523803L, 1641249723L, 513846638L, 956833394L, -1298990522L, 
873495786L, 1191965117L, -1188975288L, -1999306547L, 1895089696L, 
-973685898L, 1774564537L, -1234520339L, 1880949152L, 1454400081L, 
-1060484627L, -1293920880L, 462215336L, 2083564834L, -1698465569L, 
836969733L, -2088091554L, -1818970979L, 1902014949L, -1196236915L, 
102195241L, 628277362L, 1382822498L, 2095305433L, -1411044450L, 
-75264710L, 1755524940L, 533478014L, 832042485L, 318015655L, 
-1592102073L, -711288472L, 596345428L, 439600345L, 1166299328L, 
-1143193379L, -1023902599L, -569968584L, 352797982L, -1256500107L, 
-1856296316L, 1293929618L, -573302197L, -1677146096L, -1929976079L, 
-594674238L, 620579741L, 1383615259L, -1790570481L, -608135725L, 
1307999393L, 1267613810L, -1354391346L, -1119954835L, -1486696179L, 
-354190589L, 349826977L, -144952662L, -957273163L, -878762795L, 
772315113L, 888961704L, 17132677L, 651746854L, 777178064L, -1201197034L, 
216987335L, 314717048L, 1006901597L, 1904380865L, -791008570L, 
1944695773L, 626666192L, -1773930329L, 548494694L, 808857013L, 
-1492249673L, 2030809602L, -585278367L, 398323866L, -473372416L, 
-351180196L, -1139523766L, 417644080L, -348594773L, 1731642921L, 
-275809679L, -1323960202L, 221751435L, 1874749466L, -569690772L, 
-1335975995L, -332231999L, 183407685L, 392005744L, -27493356L, 
-876455493L, 357412835L, 471377812L, 1723639253L, 978782263L, 
317015719L, 56830644L, -1206589887L, -1909308798L, -1363219686L, 
-1322501680L, 2011447534L, -1630060770L, 1176796778L, 1577484646L, 
-989364613L, 1274132708L, -1893272776L, -1362088851L, 890837298L, 
-890399214L, 852251075L, -674564419L, -1256213866L, 2016811020L, 
730968887L, 953202079L, 1428792621L, 1776446103L, 1819630268L, 
1878588720L, -982716697L, 300492270L, -188363485L, 1979048930L, 
-436440581L, -1198178142L, 578113280L, -107438858L, 2101764803L, 
-366541363L, -75069996L, 1243056445L, -1303626711L, 909142405L, 
2102523534L, -1516038798L, 1301942069L, -1923017670L, 1033110358L, 
-366267230L, -1348892L, 1081608425L, -1046824577L, -1894500984L, 
-1254896674L, 533906060L, 1906985777L, -1463107038L, 1123203348L, 
2136089900L, 2080416582L, -683733394L, 1159826498L, 1828223667L, 
-683523708L, -979603347L, -2139732094L, 581952452L, 850184185L, 
1860456173L, 1452256926L, 2048353772L, 1172052921L, 1802091816L, 
-1309778493L, -246184613L, -867021936L, 376446597L, -656647549L, 
-1660596419L, -406201577L, 589252043L, 195393305L, 709110867L, 
-1469145880L, 2008529020L, 142348404L, 104507939L, -815539875L, 
1077297745L, 1944862949L, 1177756023L, -1686365476L, 11783641L, 
-727945800L, -443124861L, -1654691214L, -678624134L, 1250978183L, 
-1370949372L, -2115301230L, -1510900468L, 1066331286L, 1690421198L, 
1154118189L, 560135815L, -448251526L, 1894025628L, -1303072485L, 
-494846632L, 2082036862L, 1335225160L, 995318436L, -1127054490L, 
1435755428L, 1527669018L, -60202965L, -71872776L, -919185228L, 
-55882488L, -1352735929L, -498871875L, -1929597946L, 998445869L, 
176892268L, -1944603111L, 1668887211L, 679791097L, 98742030L, 
-1017695254L, -103855848L, 772986880L, 1032059755L, 1710936595L, 
-870222181L, -2090366111L, -1857496558L, -1394788662L, -1176143935L, 
2034103675L, -213732703L, -445162958L, 1228963017L, -1919451039L, 
-855126718L, 1961226890L, 2030815069L, 720272280L, 857847045L, 
-94439010L, -574481801L, 329720300L, -223316836L, -773408356L, 
1539632959L, 511831620L, 747389126L, 1105825649L, -1268726478L, 
198412939L, -1998538347L, 1952845928L, -1121660198L, 1763716810L, 
-403587243L, -1441622064L, -1938715586L, 855456340L, 448412002L, 
-1901907597L, -5074576L, -351488879L, 305051854L, 674269113L, 
-528103339L, -1375784360L, 1880268531L, -598050977L, -258124384L, 
-805863000L, -27606558L, 708418459L, -2119330234L, 770995831L, 
-1987010545L, 1438317012L, 1955093341L, 321870282L, 1465483978L, 
1736171946L, 158874534L, 1474175451L, -689926987L, 2134506055L, 
-261379704L, 139037763L, -462036182L, 678942805L, 1637811449L, 
783013510L, -409842622L, 81697172L, -682956871L, -1964590664L, 
150440671L, 1773578865L, -2100600863L, 1587016858L, -70166743L, 
1093031231L, 1365670401L, -366939573L, 761412962L, -833616314L, 
-1085903479L, 347043317L, -668584583L, 566792686L, -131801346L, 
2078259636L, 2087944603L, 1287003838L, -20096441L, 748937951L, 
913662298L, 152960530L, -423422367L, 605504653L, 1378265018L, 
-577276649L, -715459978L, 1537292306L, 1821132141L, -1361908959L, 
1193999458L, 668483204L, 1438198236L, 888890239L, -1031527834L, 
-1569054817L, -1553393090L, 216999120L, -105170626L, -974578743L, 
-1520079837L, 301411675L, -853946720L, 684731187L, 1418955015L, 
94531031L, 1121160653L, 836743708L, 1831774335L, -227182901L, 
-330905059L, -803335021L, -798396612L, 20582646L, -394520599L, 
-1932776296L, -1661073096L, 78979617L, -1369707816L, 1390716595L, 
-2133617169L, 1416465033L, -1016533854L, -1702820819L, 501158183L, 
-260777079L, 258353460L, 879787571L, -2079740310L, 1500500645L, 
618312086L, -284270967L, -265585339L, 55597519L, 193048452L, 
-1288353213L, 479294532L, 1936009378L, -1973076296L, 95007489L, 
1316892686L, -985622782L, -285014888L, 433757359L, -2068025377L, 
609910212L, 2121641409L, -134635335L, 1379518552L, -1911622361L, 
1255238215L, 30969657L, 1871007565L, 1264400379L, -1765491308L, 
-1998056605L, 518221996L, -1305415460L, -1300665724L, -1793521389L, 
1813028623L, -231892473L, -858816477L, -1439585308L, 1989177741L, 
-2124523874L, -944397002L, 1987107900L, -999486354L, 972089230L, 
191964201L, -33800162L, -1117991975L, -1047449145L, -1527039958L, 
